$ANSIBLE_VAULT;1.1;AES256
31336331653162663734393832396163323563343232656333663866656238303662656634316630
3531653935303637316662376239313363306166643939610a653362323838333435323636346238
33383862343161343536656132653534373561376163353030396239613030636438343532653134
3532386538343232390a613762306431663364323530393138633938396363393233333665663036
66643236626238666437623039623132383064333130303531386432383961383966613237656463
30653364326162323232646437373061653664326533393733633233643130346562633533313737
35653639383436313036373933376163616262356238393364663939653431373461386466666334
32653965363165663564663166363535646235616434626335623533353363303661666434336630
65343464626263643462663232373237636364666537316337333632343233356339633230313762
31616262613036626166326532613166636338323834646463613665626438313630306462616333
37633566643538336430656361626162323866633965626663626366636132373966383539663661
38326331303834623330303231363739363064643033663763643363346333383062613836656135
33373338326132326230363466663830343064303866643539346136366434343636353163616239
34323336373864313161306661646637663236653861613834613463363962373139316565373062
38333262393166616133373734663238643531626633356430343032363766383262316263326136
38346235646566353064
